camera_matrix:
  cols: 3
  data: [383.56872831063896, 0.0, 306.29202372658284, 0.0, 375.2944318113526, 277.4882151139124,
    0.0, 0.0, 1.0]
  rows: 3
camera_name: wlan/camera_node
distortion_coefficients:
  cols: 5
  data: [-0.3969146750560185, 0.13898585541278483, -0.02400133922589981, 0.007263687357386502,
    0.0]
  rows: 1
distortion_model: plumb_bob
image_height: 480
image_width: 640
projection_matrix:
  cols: 4
  data: [294.7282409667969, 0.0, 314.18058144816314, 0.0, 0.0, 308.80792236328125,
    271.973485013772, 0.0, 0.0, 0.0, 1.0, 0.0]
  rows: 3
rectification_matrix:
  cols: 3
  data: [1.0, 0.0, 0.0, 0.0, 1.0, 0.0, 0.0, 0.0, 1.0]
  rows: 3
