camera_matrix:
  cols: 3
  data: [311.5811798611917, 0.0, 321.70691265561726, 0.0, 311.65761083026155, 239.56256040715624,
    0.0, 0.0, 1.0]
  rows: 3
camera_name: theducknight/camera_node
distortion_coefficients:
  cols: 5
  data: [-0.22869778870273133, 0.03369181851589474, -0.0009681859997401334, -9.229659346103613e-05,
    0.0]
  rows: 1
distortion_model: plumb_bob
image_height: 480
image_width: 640
projection_matrix:
  cols: 4
  data: [199.4014129638672, 0.0, 322.23305112679736, 0.0, 0.0, 257.9511413574219,
    238.13649908158914, 0.0, 0.0, 0.0, 1.0, 0.0]
  rows: 3
rectification_matrix:
  cols: 3
  data: [1.0, 0.0, 0.0, 0.0, 1.0, 0.0, 0.0, 0.0, 1.0]
  rows: 3
