camera_matrix:
  cols: 3
  data: [293.6262320845112, 0.0, 313.86828166649707, 0.0, 294.2264983150674, 223.59114218025613,
    0.0, 0.0, 1.0]
  rows: 3
camera_name: theducknight/camera_node
distortion_coefficients:
  cols: 5
  data: [-0.2454171270628424, 0.042982808397173784, 0.004226820039110517, 0.0019476280098883027,
    0.0]
  rows: 1
distortion_model: plumb_bob
image_height: 480
image_width: 640
projection_matrix:
  cols: 4
  data: [203.26055908203125, 0.0, 316.82125720212207, 0.0, 0.0, 231.5904083251953,
    218.9329137989871, 0.0, 0.0, 0.0, 1.0, 0.0]
  rows: 3
rectification_matrix:
  cols: 3
  data: [1.0, 0.0, 0.0, 0.0, 1.0, 0.0, 0.0, 0.0, 1.0]
  rows: 3
